FA_MAP <-
structure(c("C9:0", "C8:0 3OH", "unknown 9.521", "i-C10:0", "C10:0",
"C9:0 3OH", "i-C11:0", "ai-C11:0", "C12:0 aldehyde (?)", "unknown 10.928",
"C11:0", "unknown 11.097", "C10:0 2OH", "C10:0 3OH", "unknown 11.541",
"i-C12:0", "ai-C12:0", "unknown 11.798", "C12:1", "C12:0", "i-C11:0 3OH",
"unknown 12.112", "C11:0 2OH", "C11:0 3OH", "unknown 12.486",
"i-C13:0", "ai-C13:0", "C13:1", "C13:0", "i-C12:0 3OH", "C12:0 2OH",
"C12:1 3OH", "i-C14:1", "C12:0 3OH", "unknown 13.566", "i-C14:0",
"ai-C14:0", "C14:1 cis9/trans9", "C14:1 cis9/trans9", "unknown 13.961",
"C14:0", "i-C13:0 3OH", "C13:0 2OH", "unknown 14.258", "i-C15:1",
"i-C15:1", "i-C15:1", "C13:0 3OH/i-C15:1", "C13:0 3OH/i-C15:1",
"C13:0 3OH/i-C15:1", "unknown 14.503", "ai-C15:1", "i-C15:0",
"ai-C15:0", "C15:1", "C15:1", "C15:1 cis10", "unknown 14.966",
"C15:0", "i-C14:0 3OH", "C14:0 2OH", "i-C16:1", "i-C16:1", "i-C16:1",
"i-C16:1", "C14:0 3OH/i-C16:1", "C14:0 3OH/i-C16:1", "unknown 15.549",
"i-C16:0", "unknown 15.665", "ai-C16:0", "C16:1", "C16:1", "C16:1 cis9",
"C16:1 trans9/i-C15:0 2OH", "C16:1 trans9/i-C15:0 2OH", "C16:1",
"ai-C15:0 2OH", "C16:0", "unknown 16.048", "i-C16:0 10-methyl",
"i-C15:0 3OH", "C15:0 2OH", "i-C17:1", "C16:0 9-methyl (?)",
"C16:0 10-methyl", "i-C17:1", "ai-C17:0/i-C17:1", "ai-C17:1/i-C17:0",
"C15:0 3OH", "ai-C17:1", "ai-C17:1", "unknown 16.580", "i-C17:0",
"ai-C17:0", "C17:1", "C17:1 cis9", "C17:1 cis10", "i-C16:0 2OH",
"C17:0 cyclo", "unknown 16.918", "C17:0", "C16:1 2OH", "i-C17:0 10-methyl",
"i-C16:0 3OH", "C16:0 2OH", "C17:0 10-methyl", "i-C18:1", "i-C18:1",
"unknown 17.493", "C16:0 3OH", "C18:3 cis6,12,14", "unknown 17.595",
"i-C18:0", "C18:2 cis9,12/ai-C18:0", "C18:2 cis9,12/ai-C18:0",
"C18:1 cis9", "C18:1 trans6/trans9/cis11", "C18:1 trans6/trans9/cis11",
"C18:1 trans6/trans9/cis11", "C18:1 trans11", "i-C17:0 2OH",
"C18:1", "ai-C17:0 2OH", "C18:0", "i-C18:0 10-methyl", "i-C17:0 3OH",
"C17:0 2OH", "C18:0 10-methyl", "i-C19:1", "C17:0 3OH", "i-C19:0",
"ai-C19:0", "C19:1/unknown 18.756", "C19:1 cis10/unknown 18.756",
"C19:1 trans7", "unknown 18.846/unknown 18.858", "C19:0 cyclo/unknown 18.846/unknown 18.858",
"C19:0 9-cyclo/C19:1", "C19:0 11-cyclo", "C19:0", "C18:1 2OH",
"C18:0 2OH", "unknown 19.368", "C20:4 cis5,8,11,14", "C18:0 3OH",
"i-C20:0", "unknown 19.735", "C20:1 cis11", "C20:1 trans11",
"C20:0", "C9:0", "i-C10:0", "C10:0", "i-C11:0", "ai-C11:0", "C11:0",
"C10:0 2OH", "C10:0 3OH", "i-C12:0", "C12:0", "C11:0 DMA", "i-C13:0",
"ai-C13:0", "C13:1 cis12", "C14:0 aldehyde", "C11:1 2OH", "C13:0",
"C12:0 3OH", "C13:0 DMA", "unknown 13.493", "i-C15:0 aldehyde (?)",
"unknown 13.570", "i-C14:0", "C14:1 cis9", "C14:0", "i-C13:0 3OH",
"C14:1 cis7 DMA", "C14:0 DMA", "i-C15:0", "ai-C15:0", "C15:2 (?)/unknown 14.762",
"C15:2", "C15:1 cis7", "C15:1 trans8/cis9", "C16:0 aldehyde",
"C15:0", "i-C15:0 DMA", "ai-C15:0 DMA", "C14:0 2OH", "C15:0 DMA",
"C14:0 3OH", "i-C16:0", "C16:1 cis7", "C16:1 cis9", "C16:1 cis11",
"C16:0", "i-C16:0 DMA (?)/unknown 16.107", "i-C15:0 3OH", "ai-C15:0 3OH",
"C16:1 cis7 DMA", "C16:1 cis9 DMA", "C16:0 DMA", "C15:0 3OH",
"i-C17:0", "ai-C17:0", "C17:2", "C17:1 cis8", "C17:1 cis9", "C17:2",
"C17:1 cis11", "C17:0 cyclo", "C18:0 aldehyde", "C17:0", "i-C17:0 DMA/unknown 17.103",
"i-C16:0 3OH", "unknown 17.157", "ai-C17:0 DMA", "unknown 17.223",
"C16:0 2OH", "C18:1 DMA", "C17:0 cyclo DMA", "C17:0 DMA", "C16:0 3OH",
"C18:2 cis9,12", "C18:1 cis9", "C18:1 trans6/trans9/cis11", "unknown 17.834",
"C18:1 trans11 (?)", "C18:1 cis13", "C18:0", "i-C17:0 3OH", "C18:2 DMA",
"ai-C18:0 DMA/unknown 18.199", "C18:1 cis9 DMA", "ai-C17:0 3OH",
"C18:1 cis11 DMA", "C18:0 DMA", "C17:0 3OH (?)", "unknown 18.622",
"i-C19:0", "C22:0 NHC", "ai-C19:0", "C19:1 cis7", "C19:0 9-cyclo/C19:1",
"C19:0 11-cyclo/C19:1", "C19:0", "C19:0 9-cyclo DMA", "C19:0 11-cyclo DMA",
"C20:1 cis11", "C20:1 trans11/cis13", "C20:0", "unknown 9.531",
"i-C10:0", "i-C11:0", "ai-C11:0", "C12:0 aldehyde (?)", "unknown 11.543",
"i-C12:0", "ai-C12:0", "unknown 11.799", "C12:1", "i-C11:0 3OH",
"unknown 12.484", "i-C13:0", "ai-C13:0", "C13:1", "i-C12:0 3OH",
"i-C14:1", "unknown 13.565", "i-C14:0", "ai-C14:0", "C14:1 cis9",
"unknown 13.957", "i-C13:0 3OH", "unknown 14.263", "i-C15:1 cis6",
"i-C15:1", "i-C15:1", "C13:0 3OH/i-C15:1", "C13:0 3OH/i-C15:1",
"unknown 14.502", "ai-C15:1", "i-C15:0", "ai-C15:0", "C15:1 cis7",
"C15:1 cis9", "C15:1 cis10", "unknown 14.959", "i-C14:0 3OH",
"C16:1 cis9 alcohol", "i-C16:1", "i-C16:1", "C14:0 3OH/i-C16:1",
"C14:0 3OH/i-C16:1", "C16:0 alcohol", "i-C16:0", "unknown 15.669",
"ai-C16:0", "C16:1 cis5", "C16:1 cis7", "C16:1 cis10/C16:1 cis9",
"C16:1 cis10/C16:1 cis9", "C16:1 cis11", "i-C15:0 3OH", "i-C17:1 cis7",
"i-C17:1 cis8", "C16:0 10-methyl", "i-C17:1 cis12", "ai-C17:1/i-C17:1",
"ai-C17:1/i-C17:1", "ai-C17:1 cis8", "ai-C17:1", "unknown 16.582",
"i-C17:0", "ai-C17:0", "C17:1 cis8", "C17:1 cis9", "C17:1 cis10",
"C17:1 cis11", "C17:0 cyclo", "C17:1 cis12", "i-C16:0 3OH", "C17:0 10-methyl",
"i-C18:1", "C18:3 cis6,9,12", "i-C18:0", "C18:2 cis9,12/ai-C18:0",
"C18:2 cis9,12/ai-C18:0", "C18:1 cis9", "C18:1 cis11", "C18:1 cis12",
"C18:1 cis13", "C18:1 11-methyl cis11", "i-C17:0 3OH", "C18:0 10-methyl",
"i-C19:1", "i-C19:0", "ai-C19:0", "C19:1 cis10/C19:1 cis8", "C19:1 cis10/C19:1 cis8",
"unknown 18.814", "C19:1 cis13/unknown 18.846", "C19:0 cyclo/C19:1 cis13/unknown 18.846",
"C19:0 9-cyclo/C19:1 cis13/C19:1 trans13", "C19:0 11-cyclo",
"C19:0 10-methyl", "C20:4 cis5,8,11,14", "i-C20:0", "C20:2 cis11,14",
"C20:1 cis11", "C20:1 cis13", "unknown 9.740", "unknown 11.866",
"unknown 12.177", "unknown 12.200", "unknown 13.028", "unknown 13.055",
"unknown 13.231", "unknown 13.260", "unknown 13.815", "unknown 14.517",
"unknown 15.363", "i-C17:1", "i-C17:1", "C16:0 10-methyl", "ai-C17:1",
"unknown 16.878", "unknown 17.317", "unknown 17.491", "C18:0 9-methyl (?)",
"unknown 18.593", "unknown 19.068", "unknown 19.540", "unknown 19.704",
"unknown 19.790", "unknown 9.918", "unknown 13.766", "unknown 13.945",
"i-C15:1", "unknown 14.759", "unknown 15.687", "C16:1 cis9/i-C15:0 2OH",
"C16:1 cis9/i-C15:0 2OH", "unknown 16.271", "unknown 16.325",
"i-C17:1 cis7", "i-C17:1 cis8", "C16:0 10-methyl", "i-C17:1 cis12",
"ai-C17:1 cis8", "C17:0 10-methyl", "C18:2 cis9,12/ai-C18:0",
"C18:2 cis9,12/ai-C18:0", "unknown 17.875", "C18:1 11-methyl cis11",
"C18:0 10-methyl", "C19:0 9-cyclo/C19:1 cis13/C19:1 trans13",
"C19:0 11-cyclo", "unknown 19.313", "C19:0 10-methyl", "C12:0 2-methyl",
"C14:0 2-methyl", "C14:0 2,4-dimethyl", "C14:0 3OH", "C16:1 cis7",
"C16:1 cis9", "C16:1 cis10", "C16:1 cis11", "C16:0 8-methyl",
"C16:0 10-methyl", "C16:0 2,4-dimethyl", "C17:1 cis9", "C17:1 cis10",
"C18:0 alcohol", "C17:1 cis11", "C17:0 cyclo", "C18:2 cis9,12",
"C18:1 cis9", "C18:1 cis11", "C18:0 10-methyl", "C20:0 alcohol",
"C20:0 alcohol", "C19:0 9-cyclo", "C19:0 11-cyclo", "C20:1",
"C20:1 cis9", "C22:1", "C22:1 cis9", "C22:0", "unknown 22.579",
"C24:1", "C24:0", "C26:1", "C26:0", "C12:0 2-methyl", "C14:0 2-methyl",
"C14:0 2,4-dimethyl", "C16:1 cis7", "C16:1 cis9", "C16:1 cis10",
"C16:1 cis11", "C16:0 8-methyl", "C16:0 10-methyl", "C16:0 2,4-dimethyl",
"C17:1 cis9", "C17:1 cis10", "C18:0 alcohol", "C17:1 cis11",
"C17:0 cyclo", "C18:2 cis9,12", "C18:1 cis9", "C18:1 cis11",
"C18:0 10-methyl", "unknown 9.560", "unknown 10.953", "unknown 11.825",
"unknown 12.502", "unknown 13.591", "unknown 13.951", "C13:0 3OH/i-C15:1",
"unknown 14.969", "i-C17:1 cis12", "unknown 16.586", "unknown 18.815",
"C19:1 cis12/C19:1 cis13", "C19:0 cyclo/C19:1 cis12/C19:1 cis13"
),